MY_ACCOUNT_ID=0.0.4668613
MY_PRIVATE_KEY=3030020100300706052b8104000a04220420676ec159b056c709da29ea92cc975281b503339c351b0f52e847081ee953d69b
TOPIC_ID=0.0.4688310